00000000000000000000000000100000
00000000000000000000000000100010
00100000000000000000000000000000
00000000000000000000000000011000
00000000000000000000000000011010
00000000000000000000000000101010
00101000000000000000000000000000
00000000000000000000000000100100
00000000000000000000000000100101
00000000000000000000000000100111
00000000000000000000000000101000
00110000000000000000000000000000
00110100000000000000000000000000
00111000000000000000000000000000
00000000000000000000000000010000
00000000000000000000000000010010
00111100000000000000000000000000
00000000000000000000000000000000
00000000000000000000000000000010
00000000000000000000000000000011
10001100000000000000000000000000
10101100000000000000000000000000
00010000000000001111111111111111
00010100000000001111111111111110
00001000000000000000000000010110
00000000000000000000000000001000
00001100000000000000000000010110
